32
0.0387513 0.176084 0.0799261
0.197706 -0.104557 0.0101841
0.239774 0.12908 0.110377
-0.21488 0.206021 0.0629685
0.0100043 0.224074 0.0861059
-0.186024 -0.209823 0.020185
-0.261389 0.100392 0.0882298
0.038419 0.191898 0.0313916
0.0310144 -0.0533666 0.232544
0.0740964 -0.090345 0.0667514
-0.000196776 -0.277237 -0.0784709
-0.237619 -0.0380418 -0.106819
-0.00857476 0.206101 0.165994
-0.251381 0.00578208 0.0277804
0.0260544 -0.137735 0.00381876
0.133329 0.0517294 0.112012
-0.214172 0.118599 -0.116594
-0.100372 -0.185282 -0.0132768
0.110896 0.0049833 0.187646
-0.0162112 -0.11957 -0.132405
-0.0985557 -0.00566817 0.130385
0.0512076 0.00606393 0.260808
-0.026706 0.10428 -0.189281
0.0672392 -0.0723163 0.264898
0.173617 0.132378 0.0206655
-0.143444 -0.152878 0.00952913
0.0864519 0.102664 -0.249004
-0.256643 0.0277413 -0.110262
0.0976716 -0.0643368 0.137537
0.135317 0.0941333 -0.138886
0.161979 -0.173825 -0.0378561
0.0339952 0.132051 0.216145
